Execution Time Statistics

shell: for ((i=0; i<10; i++)); do ./x; sleep 1; done

a
---
E5 2620v3:
163567474
161226867
161270082
160548968
184600018
159656049
159702321
159661722
159569719
159440610
AVG: 162924383

I5-5257U:
339431370
258508874
260985972
260790382
276536062
261474370
257854055
254713830
271584832
257702133
AVG: 269958188

b
---
E5 2620v3:
95327288
93208844
92431233
92373142
91417759
93613088
92789081
92586045
97404916
93612135
AVG: 93476353

I5-5257U:
204880659
148131571
136246421
135493619
149858427
144585432
135497215
130151855
141248550
142942353
AVG: 146903610

c
---
E5 2620v3:
385629132
391023165
393202068
401351474
390970728
450351564
485659500
386920872
390373799
393889177
AVG: 406937148

I5-5257U:
754742655
657310812
673902010
685250361
680370757
671841830
668621394
682553821
666121625
672377445
AVG: 681309271

d
---
E5 2620v3:
289219544
339392045
287620724
293279270
288941605
293754305
289369271
293264320
296262132
291633593
AVG: 296273681

I5-5257U:
546999597
461329084
468457393
461827614
466104229
464822903
469503483
457991723
466740990
473401864
AVG: 473717888

e
---
E5 2620v3:
121016898
121866730
112967940
118378188
111538694
72538808
62531304
62695989
111756692
111843213
AVG: 100713446

I5-5257U:
715459584
641575766
633149706
637148385
648341681
636767281
649202658
652538232
662142112
645887641
AVG: 652221305

f
---
E5 2620v3:
45347519
44228671
43892773
41626426
42847984
42465511
42338748
25802168
25314044
23461305
AVG: 37732515

I5-5257U:
117905208
62996583
63181238
71218815
65737494
64288042
69183415
66765613
67252215
66033641
AVG: 71456226

